
200000   4.216403434
210000   5.206907658
220000   4.389702484
230000   4.5960501229999995
240000   5.253628967
250000   5.739142967
260000   4.958229133000001
270000   5.033642543999999
280000   6.257991326
290000   6.0954448260000005
300000   5.1211902810000005
310000   6.727665813
320000   6.639893366
330000   6.436359297999999
340000   5.679081617
350000   6.9134980399999995
360000   5.586039759999999
380000   5.507132014
370000   5.445309213
390000   5.801808167999999
400000   5.932033872
410000   7.095450565999999
420000   6.324591711
430000   5.260992249999999
440000   6.74593696
450000   7.476144175
460000   7.521800214
470000   6.322771647
480000   6.231875682
490000   7.147611208
500000   6.522723528999999
510000   7.344154267
520000   6.856467696999999
530000   7.633262316
540000   8.014373125
550000   7.103346630000001
560000   7.065097182
570000   8.059239326999998
580000   8.228924729000001
590000   7.420537099
600000   7.163617867999999
610000   7.907580674999999
620000   8.030085795
630000   8.548784559
640000   8.716156072
650000   7.607596701
660000   7.367429099000001
670000   7.416671176
680000   7.775003857000001
690000   8.658490717000001
700000   8.555961184
710000   7.970791395
720000   7.815406477
730000   8.853116153
740000   8.885964505
750000   7.9514019970000005
760000   9.260909541
770000   8.686130034
780000   9.230086845
790000   8.47002497
800000   8.122722953
810000   9.234977693000001
820000   9.273818862
830000   9.318111889
840000   7.700039468
850000   8.732441872
860000   9.613492085999999
870000   9.71770678
880000   9.955624467
890000   9.381353439
900000   9.565606038
910000   9.795195725
920000   9.914071395
930000   9.469538494
940000   9.788617390999999
950000   10.129077938
960000   9.396635512
970000   10.210719233999999
980000   10.290221256
990000   9.134890592
1000000   10.302503823